VersionInfoVersion=7.7.502.17757 
AppVersion= 7.7.502.17757 
