VersionInfoVersion=7.7.502.18862 
AppVersion= 7.7.502.18862 
