VersionInfoVersion=7.7.502.18431 
AppVersion= 7.7.502.18431 
