VersionInfoVersion=7.7.502.18334 
AppVersion= 7.7.502.18334 
