VersionInfoVersion=7.7.502.17932 
AppVersion= 7.7.502.17932 
