VersionInfoVersion=7.7.502.16729 
AppVersion= 7.7.502.16729 
