VersionInfoVersion=7.7.502.18890 
AppVersion= 7.7.502.18890 
