VersionInfoVersion=7.7.502.18825 
AppVersion= 7.7.502.18825 
