VersionInfoVersion=7.7.502.18170 
AppVersion= 7.7.502.18170 
