VersionInfoVersion=7.7.502.18001 
AppVersion= 7.7.502.18001 
