VersionInfoVersion=7.7.502.18876 
AppVersion= 7.7.502.18876 
