VersionInfoVersion=7.7.502.18306 
AppVersion= 7.7.502.18306 
