VersionInfoVersion=7.7.502.18224 
AppVersion= 7.7.502.18224 
