VersionInfoVersion=7.7.502.18365 
AppVersion= 7.7.502.18365 
