VersionInfoVersion=7.7.502.18595 
AppVersion= 7.7.502.18595 
