VersionInfoVersion=7.7.502.18943 
AppVersion= 7.7.502.18943 
