VersionInfoVersion=7.7.502.16691 
AppVersion= 7.7.502.16691 
