VersionInfoVersion=7.7.502.18190 
AppVersion= 7.7.502.18190 
