VersionInfoVersion=7.7.502.17127 
AppVersion= 7.7.502.17127 
