VersionInfoVersion=7.7.502.18447 
AppVersion= 7.7.502.18447 
