VersionInfoVersion=7.7.502.18739 
AppVersion= 7.7.502.18739 
