VersionInfoVersion=7.7.502.18798 
AppVersion= 7.7.502.18798 
