VersionInfoVersion=7.7.502.18271 
AppVersion= 7.7.502.18271 
