VersionInfoVersion=7.7.502.17233 
AppVersion= 7.7.502.17233 
