VersionInfoVersion=7.7.502.17354 
AppVersion= 7.7.502.17354 
