VersionInfoVersion=7.7.502.18118 
AppVersion= 7.7.502.18118 
