VersionInfoVersion=7.7.502.18850 
AppVersion= 7.7.502.18850 
