VersionInfoVersion=7.7.502.18601 
AppVersion= 7.7.502.18601 
