VersionInfoVersion=7.7.502.18040 
AppVersion= 7.7.502.18040 
