VersionInfoVersion=7.7.502.17170 
AppVersion= 7.7.502.17170 
