VersionInfoVersion=7.7.502.17298 
AppVersion= 7.7.502.17298 
