VersionInfoVersion=7.7.502.18101 
AppVersion= 7.7.502.18101 
