VersionInfoVersion=7.7.502.17522 
AppVersion= 7.7.502.17522 
