VersionInfoVersion=7.7.502.18654 
AppVersion= 7.7.502.18654 
