VersionInfoVersion=7.7.502.17652 
AppVersion= 7.7.502.17652 
