VersionInfoVersion=7.7.503.19001 
AppVersion= 7.7.503.19001 
