VersionInfoVersion=7.7.502.18690 
AppVersion= 7.7.502.18690 
