VersionInfoVersion=7.7.502.18136 
AppVersion= 7.7.502.18136 
