VersionInfoVersion=7.7.502.17085 
AppVersion= 7.7.502.17085 
