VersionInfoVersion=7.7.502.17987 
AppVersion= 7.7.502.17987 
