VersionInfoVersion=7.7.502.18519 
AppVersion= 7.7.502.18519 
