VersionInfoVersion=7.7.502.17568 
AppVersion= 7.7.502.17568 
