VersionInfoVersion=7.7.502.16770 
AppVersion= 7.7.502.16770 
